1593696872.000000, IBI
83.328125,0.921875
84.171875,0.843750
124.734375,0.906250
125.562500,0.828125
126.515625,0.953125
321.984375,0.921875
322.906250,0.921875
323.796875,0.890625
324.718750,0.921875
325.656250,0.937500
356.781250,0.937500
357.734375,0.953125
358.687500,0.953125
415.609375,0.937500
416.531250,0.921875
424.203125,0.968750
425.125000,0.921875
657.500000,0.968750
658.484375,0.984375
684.000000,0.875000
1004.453125,0.875000
1011.578125,0.906250
1080.625000,0.953125
1081.515625,0.890625
1082.468750,0.953125
1083.390625,0.921875
1084.359375,0.968750
1085.218750,0.859375
1086.109375,0.890625
1087.015625,0.906250
1087.984375,0.968750
1088.937500,0.953125
1089.875000,0.937500
1204.609375,0.781250
1338.031250,0.937500
1338.921875,0.890625
1353.500000,0.843750
1354.218750,0.718750
1358.937500,0.828125
1377.875000,0.812500
1378.718750,0.843750
1379.562500,0.843750
1380.484375,0.921875
1381.390625,0.906250
1382.390625,1.000000
1383.406250,1.015625
1384.187500,0.781250
1385.156250,0.968750
1386.218750,1.062500
1387.140625,0.921875
1388.015625,0.875000
1388.937500,0.921875
1389.765625,0.828125
1390.578125,0.812500
1391.484375,0.906250
1392.406250,0.921875
1398.015625,0.718750
1422.109375,0.859375
1446.734375,0.875000
1447.609375,0.875000
1448.500000,0.890625
1449.406250,0.906250
1450.296875,0.890625
1451.218750,0.921875
1452.125000,0.906250
1466.859375,0.890625
1467.750000,0.890625
1468.734375,0.984375
1474.156250,0.921875
1475.031250,0.875000
1475.968750,0.937500
1476.875000,0.906250
1477.781250,0.906250
1478.718750,0.937500
1479.734375,1.015625
1480.687500,0.953125
1481.640625,0.953125
1482.468750,0.828125
1483.359375,0.890625
1484.218750,0.859375
1485.046875,0.828125
1485.921875,0.875000
1486.734375,0.812500
1487.687500,0.953125
1497.812500,0.796875
1498.671875,0.859375
1499.546875,0.875000
1500.515625,0.968750
1501.265625,0.750000
1505.890625,0.890625
1511.203125,0.859375
1512.140625,0.937500
1513.093750,0.953125
1520.375000,0.828125
1521.203125,0.828125
1522.046875,0.843750
1522.921875,0.875000
1561.515625,0.843750
1567.859375,0.781250
1568.734375,0.875000
1569.656250,0.921875
1570.578125,0.921875
1571.593750,1.015625
1572.671875,1.078125
1573.562500,0.890625
1574.437500,0.875000
1575.390625,0.953125
1576.281250,0.890625
1577.234375,0.953125
1578.156250,0.921875
1578.953125,0.796875
1706.406250,0.968750
1757.015625,0.968750
1757.968750,0.953125
1758.937500,0.968750
1759.921875,0.984375
1786.906250,0.828125
1787.890625,0.984375
1788.750000,0.859375
1789.593750,0.843750
1790.578125,0.984375
1791.531250,0.953125
1802.593750,0.968750
1803.500000,0.906250
1804.250000,0.750000
1805.312500,1.062500
1806.156250,0.843750
1806.921875,0.765625
1832.875000,0.843750
1833.765625,0.890625
1834.703125,0.937500
1847.218750,0.734375
1847.875000,0.656250
2042.312500,0.921875
2043.250000,0.937500
2044.234375,0.984375
2142.328125,0.906250
2143.312500,0.984375
2144.187500,0.875000
2546.625000,0.937500
2547.421875,0.796875
2564.765625,0.828125
2565.640625,0.875000
2566.515625,0.875000
2567.375000,0.859375
2568.265625,0.890625
2573.640625,0.921875
2574.578125,0.937500
2575.515625,0.937500
2576.390625,0.875000
2577.343750,0.953125
2578.281250,0.937500
2579.156250,0.875000
2580.062500,0.906250
2580.968750,0.906250
2581.859375,0.890625
2582.734375,0.875000
2583.625000,0.890625
2584.546875,0.921875
2585.406250,0.859375
2586.312500,0.906250
2587.265625,0.953125
2588.093750,0.828125
2588.984375,0.890625
2614.828125,0.937500
2648.937500,0.765625
2654.000000,0.984375
2654.953125,0.953125
2655.843750,0.890625
2656.984375,1.140625
2658.000000,1.015625
2658.953125,0.953125
2659.875000,0.921875
2660.765625,0.890625
2661.671875,0.906250
2662.625000,0.953125
2663.515625,0.890625
2664.421875,0.906250
2665.281250,0.859375
2666.156250,0.875000
2667.046875,0.890625
2667.984375,0.937500
2668.953125,0.968750
2669.875000,0.921875
2670.843750,0.968750
2671.765625,0.921875
2672.750000,0.984375
2673.687500,0.937500
2674.531250,0.843750
2675.421875,0.890625
2676.328125,0.906250
2677.156250,0.828125
2678.031250,0.875000
2678.937500,0.906250
2679.890625,0.953125
2680.796875,0.906250
2681.734375,0.937500
2682.703125,0.968750
2683.625000,0.921875
2684.562500,0.937500
2685.500000,0.937500
2686.375000,0.875000
2687.296875,0.921875
2688.203125,0.906250
2697.375000,0.828125
2698.234375,0.859375
2699.125000,0.890625
2700.015625,0.890625
2700.875000,0.859375
2701.734375,0.859375
2702.593750,0.859375
2703.437500,0.843750
2704.312500,0.875000
2705.171875,0.859375
2706.062500,0.890625
2706.984375,0.921875
2707.843750,0.859375
2708.718750,0.875000
2709.640625,0.921875
2710.515625,0.875000
2711.390625,0.875000
2712.296875,0.906250
2713.171875,0.875000
2714.078125,0.906250
2714.937500,0.859375
2715.843750,0.906250
2716.687500,0.843750
2717.609375,0.921875
2718.406250,0.796875
2719.265625,0.859375
2720.078125,0.812500
2720.937500,0.859375
2721.828125,0.890625
2722.703125,0.875000
2723.609375,0.906250
2724.515625,0.906250
2725.375000,0.859375
2726.296875,0.921875
2727.109375,0.812500
2727.921875,0.812500
2728.781250,0.859375
2729.593750,0.812500
2730.390625,0.796875
2731.265625,0.875000
2732.203125,0.937500
2733.109375,0.906250
2747.156250,0.828125
2752.125000,0.906250
2753.000000,0.875000
2753.875000,0.875000
2754.765625,0.890625
2755.687500,0.921875
2756.578125,0.890625
2757.421875,0.843750
2758.265625,0.843750
2759.093750,0.828125
2759.921875,0.828125
2760.750000,0.828125
2761.578125,0.828125
2762.421875,0.843750
2763.250000,0.828125
2764.093750,0.843750
2764.968750,0.875000
2765.843750,0.875000
2766.656250,0.812500
2767.500000,0.843750
2768.296875,0.796875
2769.140625,0.843750
2770.000000,0.859375
2770.859375,0.859375
